[app/ui]
version = 9.2.1
modtime = 1716182451.049146000

[app/launcher]
version = 9.2.1
modtime = 1716182451.050533000

[nav/default]
version = 9.2.1
modtime = 1716182946.957125000
